* Input_File: "C:\_ipl\INCHI\devel\INCHI-DEV\INCHI-1-SRC\INCHI_EXE\bin\Windows\x64\Release\pex0054.mol"
Structure: 1
InChI=1B/C3H5NO.2Zz/c5-3-1-2-4-3;;/h4H,1-2H2;;/z101-1-5(6,7-1,2,1,3,2,4,3,4)
AuxInfo=1/0/N:5,4,6,3,1;2;7/rA:7nOZzNCCCZz/rB:;;s3;s4;d1s3s5;;/rC:10.9821,-5.2045,0;13.8573,-6.0345,0;13.1385,-6.4495,0;12.4197,-6.0345,0;11.7009,-6.4495,0;10.9821,-6.0345,0;10.2633,-6.4495,0;/Z:101-n-5-6,1,4,3(6,7,2,3)[10.622700,-6.657000,10.622700,-5.827000][13.497900,-5.827000,13.497900,-6.657000]
