* Input_File: "C:\_ipl\INCHI\devel\INCHI-DEV\INCHI-1-SRC\INCHI_EXE\bin\Windows\x64\Release\pex0032.mol"
Structure: 1
InChI=1B/C10H10O2.2Zz/c11-10-9-5-3-8(4-6-9)2-1-7-12-10;;/h3-6H,1-2,7H2;;/z101-1-12(13,14-1,2,1,7,2,8,7,12,9,10,10,12)
AuxInfo=1/0/N:4,5,7,8,9,10,3,6,11,13,12,2;1;14/E:(3,4)(5,6);;/rA:14nZzOCCCCCCCCCOCZz/rB:;s2;s3;s4;s5;d6;s6;s7;d8;d9s10;;s2s11d12;;/rC:12.7704,-6.0746,0;12.0516,-6.4896,0;11.3327,-6.0746,0;10.6139,-6.4896,0;9.8951,-6.0746,0;9.1763,-6.4896,0;8.4575,-6.0746,0;9.1763,-7.3196,0;7.7387,-6.4896,0;8.4575,-7.7346,0;7.7387,-7.3196,0;7.0199,-8.5646,0;7.0199,-7.7346,0;6.3011,-7.3196,0;/Z:101-n-12-13,11,10,8,6-7,9,5,4,3,2(14,13,2,1)[6.660500,-7.942100,6.660500,-7.112100][12.411000,-5.867100,12.411000,-6.697100]
