* Input_File: "C:\_ipl\INCHI\devel\INCHI-DEV\INCHI-1-SRC\INCHI_EXE\bin\Windows\x64\Release\pex0056.mol"
Structure: 1
InChI=1B/C3H5NO.2Zz/c5-3-1-2-4-3;;/h1-2H2,(H,4,5);;/z101-1-5(6,7-1,2,1,3,2,4)
AuxInfo=1/1/N:1,2,4,5,7;3;6/rA:7nCCZzCNZzO/rB:s1;;s1;s2d4;;s4;/rC:13.1234,-8.8397,0;14.1463,-9.4302,0;15.1692,-8.8397,0;12.1006,-9.4302,0;11.0777,-8.8397,0;10.0549,-9.4302,0;12.1006,-10.6113,0;/Z:101-n-1-2,4-5,7(5,6,2,3)[10.566300,-9.725500,10.566300,-8.544400][14.657700,-8.544400,14.657700,-9.725500]
