* Input_File: "C:\_ipl\INCHI\devel\INCHI-DEV\INCHI-1-SRC\INCHI_EXE\bin\Windows\x64\Release\pex0055.mol"
Structure: 1
InChI=1B/C3H5NO.2Zz/c5-3-1-2-4-3;;/h1-2H2,(H,4,5);;/z101-1-5(6,7-1,2,1,3,2,4)
AuxInfo=1/1/N:4,3,5,6,1;2;7/rA:7nOZzCCCNZz/rB:;;s3;d1s4;s3s5;;/rC:11.9263,-7.1143,0;14.0827,-5.8693,0;13.3639,-6.2843,0;12.6451,-5.8693,0;11.9263,-6.2843,0;11.2075,-5.8693,0;10.4887,-6.2843,0;/Z:101-n-5-6,4,3,1(6,7,2,3)[10.848100,-6.491800,10.848100,-5.661800][13.723300,-5.661800,13.723300,-6.491800]
