* Input_File: "C:\_ipl\INCHI\devel\INCHI-DEV\INCHI-1-SRC\INCHI_EXE\bin\Windows\x64\Release\pex0015.mol"
Structure: 1
InChI=1B/C8H8.C3H3N/c1-2-8-6-4-3-5-7-8;1-2-3-4/h2-7H,1H2;2H,1H2/z200-9-12;200-1-8;330-1-12
AuxInfo=1/0/N:12,11,7,6,8,5,9,10;4,3,2,1/E:(4,5)(6,7);/rA:12nNCCCCCCCCCCC/rB:t1;s2;d3;;d5;s6;d7;s8;s5d9;s10;d11;/rC:6.3789,-9.7213,0;7.5689,-10.4213,0;8.8289,-9.7213,0;10.0189,-10.4213,0;15.3389,-10.2113,0;15.3389,-11.6113,0;16.5513,-12.3113,0;17.7638,-11.6113,0;17.7638,-10.2113,0;16.5513,-9.5113,0;16.5513,-8.1115,0;17.7469,-7.4211,0;/Z:200-n-1-4[5.748900,-11.541300,5.748900,-9.021300][11.768900,-9.021300,11.768900,-11.541300];200-n-5-12[14.498900,-12.241300,14.498900,-6.291300][19.328900,-6.291300,19.328900,-12.241300];330-n-1-12[5.176500,-13.093600,5.176500,-5.718900][20.323500,-5.718900,20.323500,-13.093600]
