* Input_File: "C:\_ipl\INCHI\devel\INCHI-DEV\INCHI-1-SRC\INCHI_EXE\bin\Windows\x64\Release\pex0033.mol"
Structure: 1
InChI=1B/C10H10O2.2Zz/c11-10-9-5-3-8(4-6-9)2-1-7-12-10;;/h3-6H,1-2,7H2;;/z101-1-12(13,14-1,2,1,7,2,8,7,12,9,10,10,12)
AuxInfo=1/0/N:6,7,9,10,11,12,5,8,13,3,2,4;1;14/E:(3,4)(5,6);;/rA:14nZzOCOCCCCCCCCCZz/rB:;d2;s3;s4;s5;s6;s7;d8;s8;s9;d10;s3d11s12;;/rC:13.44,-7.4736,0;12.7212,-6.2286,0;12.7212,-7.0586,0;12.0024,-7.4736,0;11.2836,-7.0586,0;10.5648,-7.4736,0;9.846,-7.0586,0;9.1272,-7.4736,0;8.4084,-7.0586,0;9.1272,-8.3036,0;7.6896,-7.4736,0;8.4084,-8.7186,0;7.6896,-8.3036,0;6.9708,-8.7186,0;/Z:101-n-12-13,11,9,8,10,7,6,5,4,3,2(14,13,3,1)[7.330200,-8.926100,7.330200,-8.096100][13.080600,-6.851100,13.080600,-7.681100]
