* Input_File: "C:\_ipl\INCHI\devel\INCHI-DEV\INCHI-1-SRC\INCHI_EXE\bin\Windows\x64\Release\pex0031.mol"
Structure: 1
InChI=1B/C10H10O2.2Zz/c11-10-9-5-3-8(4-6-9)2-1-7-12-10;;/h3-6H,1-2,7H2;;/z101-1-12(13,14-1,2,1,7,2,8,7,12,9,10,10,12)
AuxInfo=1/0/N:3,4,6,7,8,9,2,5,10,12,11,13;1;14/E:(3,4)(5,6);;/rA:14nZzCCCCCCCCCOCOZz/rB:;s2;s3;s4;d5;s5;s6;d7;d8s9;;s10d11;s2s12;;/rC:10.4712,-5.8164,0;9.7524,-6.2314,0;9.0336,-5.8164,0;8.3148,-6.2314,0;7.596,-5.8164,0;6.8772,-6.2314,0;7.596,-4.9864,0;6.1584,-5.8164,0;6.8772,-4.5714,0;6.1584,-4.9864,0;5.4396,-3.7414,0;5.4396,-4.5714,0;4.7208,-4.9864,0;4.002,-4.5714,0;/Z:101-n-12-13,11,10,9,7,5-6,8,4,3,2(14,13,2,1)[4.361400,-5.193900,4.361400,-4.363900][10.111800,-5.608900,10.111800,-6.438900]
